# oST version 5.0 parameters


[image]

width
720

height
480

[narrow_stereo/left]

camera matrix
792.978282 0.000000 368.491478
0.000000 722.102892 240.169508
0.000000 0.000000 1.000000

distortion
-0.246098 0.126814 -0.002105 0.000477 0.000000

rectification
0.999371 0.019595 0.029563
-0.019690 0.999802 0.002903
-0.029500 -0.003484 0.999559

projection
794.682971 0.000000 332.276051 0.000000
0.000000 794.682971 239.980684 0.000000
0.000000 0.000000 1.000000 0.000000

# oST version 5.0 parameters


[image]

width
720

height
480

[narrow_stereo/right]

camera matrix
791.547577 0.000000 341.994254
0.000000 722.408887 241.632991
0.000000 0.000000 1.000000

distortion
-0.265604 0.196032 -0.000547 -0.000190 0.000000

rectification
0.999321 -0.023929 0.028010
0.024018 0.999707 -0.002858
-0.027933 0.003529 0.999604

projection
794.682971 0.000000 332.276051 -11.058727
0.000000 794.682971 239.980684 0.000000
0.000000 0.000000 1.000000 0.000000
